86.252
98.246
103.25
101.56
103.84
111.9
125.71
140.22
148.86
151.53
147.02
138.06
127.42
118.51
113.36
111.04
107.31
101.96
91.449
110.85
119.35
114.46
104.36
102.74
111.06
132.44
153.63
163.1
164.32
158.27
146.94
134.3
124.17
119.04
116.49
112.63
106.49
96.898
127.97
131.35
115.23
99.683
94.862
98.632
124.95
153.15
170.51
174.99
167.42
153.09
136.85
124.17
119.02
118.9
117.91
112.45
102.17
138.43
135.61
109.38
90.824
85.749
90.57
118.81
147.06
170.34
178.97
169.82
151.2
131.72
117.75
111.53
112.23
117.89
119.55
110.48
147.98
138.08
102.68
79.959
73.217
81.621
114.08
142.43
167.36
175.29
161.23
140.12
125.23
115.03
103.68
98.295
109.59
123.47
120.26
157.38
142.75
101.92
78.077
75.179
84.872
114.77
141.14
163.15
163.93
145.77
129.98
124.87
119.1
102.84
87.672
97.51
120.77
124.59
167.98
152.28
111.88
84.708
81.086
90.818
115.24
138.27
151.35
147.41
136.9
125.53
118.6
116.95
106.92
89.5
94.38
115.29
123.22
177.54
164.55
130.49
101.76
92.994
98.075
116.73
134.87
144.12
147.56
141.87
120.61
104.51
105.98
106.68
97.902
103.97
116.99
122.58
183.96
176.43
152.93
128.46
120.49
127.6
143.21
156.11
165.1
169.43
156.22
126.96
104.24
102.49
106.99
105.98
116.17
122.59
123.87
186.21
181.61
166.03
152.12
155.03
167.78
179.36
183.96
187.2
188.22
171.39
136.76
109.47
102.87
107.72
109.52
120.42
124.71
124.88
184.56
178.48
157.93
138.78
137.5
147.31
159.48
168.15
174.54
176.97
160.86
129.4
107.81
105.01
108.72
109.24
119.74
124.62
125.67
179.32
168.21
136.46
110.23
103.69
110.21
126.44
141.92
150.83
153.77
144.37
121.73
108.1
110.11
109.65
104.01
112.71
122.64
126.81
171.72
155.53
116.48
92.584
89.265
97.714
119.05
140.94
150.38
147.21
138.87
127.03
121.32
120.07
111.17
97.408
104.35
121.71
128.23
162.38
144.11
102.63
82.179
80.972
91.636
117.19
143.75
161.69
158.33
141.88
132.44
130.46
124.86
108.6
92.492
103.05
125.05
129.83
153.8
137.87
99.214
78.394
73.058
84.28
115.54
144.27
167.53
172.14
156.99
139.46
128.82
120.27
107.27
98.993
111.68
128.4
126.94
146.53
136.45
104.55
83.472
75.989
86.787
118.4
147.44
170.61
178.42
167.77
148.75
130.19
118.02
111.44
111.24
120.03
125.73
118.23
137.4
135.13
111.65
94.167
86.897
94.33
124.05
153.35
172.89
178.48
170.26
154.42
135.69
122.09
117.96
119.36
120.99
117.89
106.21
123.97
128.69
114.79
100.9
97.296
106.03
131.42
156.95
169.93
171.75
164.46
151.27
135.79
124.23
119.27
117.88
115
108.92
97.312
102.74
112.63
108.4
100.83
102.31
113.05
132.2
150.68
159.69
160.48
153.31
141.15
128.06
118.38
113.58
110.86
106.65
100.69
87.639
