1854.4
874.58
1452.3
1001.8
920.39
1229.6
721.04
513.92
568.32
496.21
530.06
601.88
369.9
483.41
608.65
410.33
574.87
405.87
500.57
380.42
307.73
296.95
336.62
271.34
399.83
399.92
418.12
299.65
306.29
390.09
389.67
219.57
351.49
368.8
317.1
353.79
441.92
224.61
302.22
346.35
288.69
279.82
283.13
312.53
266.28
220.4
227.95
212.41
206.02
193.85
271.29
171.62
262.47
265.49
221.61
173.06
190.01
249.36
208.92
240.09
212.47
195.21
226.36
176.92
228.83
228.98
198.06
214.6
224.55
225.11
174.8
148.69
218.39
196.03
178.56
149.92
145.16
156.96
200.63
160.68
