-2442.3
-1140.2
-1261.2
-862.4
-719.68
-569.4
-697.54
-448.04
-448.32
-440.03
-459.79
-380.62
-384.71
-537.9
-438
-450.88
-654.56
-418.8
-560.69
-251.6
-308.73
-377.78
-538.57
-644.02
-304.03
-426.68
-315.56
-332.33
-485.71
-366.05
-361.79
-307.61
-416.11
-232.62
-312.42
-306.34
-333.91
-335
-268.48
-495.33
-303.41
-262.2
-225.87
-358.33
-215.17
-253.29
-177.29
-255.04
-170.65
-207.55
-223.27
-251.25
-277.18
-221.12
-181.65
-207.77
-239.03
-165.25
-200.23
-219.24
-189.28
-184.93
-301.78
-228.65
-184.68
-203.44
-204.56
-299.36
-202.08
-205.75
-177.17
-187.7
-168.43
-202.36
-164.02
-176.34
-168.18
-173.8
-167.99
-199.78
